BRICKGAME-SNAKE-MAPS-1
@00
0000000000
0000000000
0000000000
0000000000
0000000000
0000000000
0000000000
0000000000
0000000000
0000000000
0000000000
0000000000
0000000000
0000000000
0000000000
0000000000
0000000000
0000000000
0000000000
0000000000
@01
0000000000
0000000000
0000000000
0000000000
0000000000
0000000000
0000110000
0000110000
0000110000
0000110000
0000110000
0000110000
0000110000
0000110000
0000000000
0000000000
0000000000
0000000000
0000000000
0000000000
@02
0000000000
0000000000
0000000000
0000000000
0000000000
0000000000
0000000000
0000000000
0000000000
0011111100
0011111100
0000000000
0000000000
0000000000
0000000000
0000000000
0000000000
0000000000
0000000000
0000000000
@03
0000000000
0000000000
0000000000
0000000000
0000000000
0000000000
0011001100
0011001100
0011001100
0011001100
0011001100
0011001100
0011001100
0011001100
0000000000
0000000000
0000000000
0000000000
0000000000
0000000000
@04
0000000000
0000000000
0000000000
0000000000
0000000000
0000000000
0000000000
0011111100
0011111100
0000000000
0000000000
0011111100
0011111100
0000000000
0000000000
0000000000
0000000000
0000000000
0000000000
0000000000
@05
0000000000
0000000000
0000000000
0000000000
0000000000
0000000000
0000110000
0000110000
0000110000
0011111100
0011111100
0000110000
0000110000
0000110000
0000000000
0000000000
0000000000
0000000000
0000000000
0000000000
@06
0000000000
0000000000
0000000000
0000000000
0000000000
0000000000
0011111100
0011111100
0000110000
0000110000
0000110000
0000110000
0011111100
0011111100
0000000000
0000000000
0000000000
0000000000
0000000000
@07
0000000000
0000000000
0000000000
0000000000
0000000000
0000000000
0011001100
0011001100
0011001100
0011111100
0011111100
0011001100
0011001100
0011001100
0000000000
0000000000
0000000000
0000000000
0000000000
0000000000
@08
0000000000
0111001110
0100000010
0100000010
0000000000
0000000000
0000000000
0000000000
0000000000
0000000000
0000000000
0000000000
0000000000
0000000000
0000000000
0000000000
0100000010
0100000010
0111001110
0000000000
@09
0000000000
0111001110
0100000010
0100000010
0000000000
0000000000
0000110000
0000110000
0000110000
0000110000
0000110000
0000110000
0000110000
0000110000
0000000000
0000000000
0100000010
0100000010
0111001110
0000000000
@10
0000000000
0111001110
0100000010
0100000010
0000000000
0000000000
0000000000
0000000000
0000000000
0011111100
0011111100
0000000000
0000000000
0000000000
0000000000
0000000000
0100000010
0100000010
0111001110
0000000000
@11
0000000000
0111001110
0100000010
0100000010
0000000000
0000000000
0011001100
0011001100
0011001100
0011001100
0011001100
0011001100
0011001100
0011001100
0000000000
0000000000
0100000010
0100000010
0111001110
0000000000
@12
0000000000
0111001110
0100000010
0100000010
0000000000
0000000000
0000000000
0011111100
0011111100
0000000000
0000000000
0011111100
0011111100
0000000000
0000000000
0000000000
0100000010
0100000010
0111001110
0000000000
@13
0000000000
0111001110
0100000010
0100000010
0000000000
0000000000
0000110000
0000110000
0000110000
0011111100
0011111100
0000110000
0000110000
0000110000
0000000000
0000000000
0100000010
0100000010
0111001110
0000000000
@14
0000000000
0111001110
0100000010
0100000010
0000000000
0000000000
0011111100
0011111100
0000110000
0000110000
0000110000
0000110000
0011111100
0011111100
0000000000
0000000000
0100000010
0100000010
0111001110
0000000000
@15
0000000000
0111001110
0100000010
0100000010
0000000000
0000000000
0011001100
0011001100
0011001100
0011111100
0011111100
0011001100
0011001100
0011001100
0000000000
0000000000
0100000010
0100000010
0111001110
0000000000
